000|06/10/2008|03|00102|FABIO                                             
001|000001|0000000007068,95|0000000007111,40
001|000002|0000000007443,47|0000000007465,15
001|000003|0000000006291,71|0000000006296,41
001|000004|0000000005663,45|0000000005678,29
001|000005|0000000006623,18|0000000006644,44
001|000006|0000000010920,72|0000000010948,43
001|000007|0000000011035,41|0000000011090,07
001|000008|0000000006775,75|0000000006775,75
001|000009|0000000003492,65|0000000003492,65
001|000010|0000000003299,70|0000000003299,70
001|000011|0000000004127,24|0000000004127,24
001|000012|0000000004992,71|0000000004992,71
002|099900100023|000001|00000042,035|00000002,379|000000100,00|000000000102
002|099900100023|000002|00000021,253|00000002,379|000000050,56|000000000105
002|099900200030|000003|00000004,376|00000003,099|000000013,56|000000000104
002|099900200030|000004|00000014,521|00000003,099|000000045,00|000000000104
002|099900300023|000005|00000020,843|00000002,399|000000050,00|000000000102
002|099900400012|000006|00000026,944|00000001,299|000000035,00|000000000107
002|099900400012|000007|00000053,888|00000001,299|000000070,00|000000000107
002|078949000116|000000|00000002,000|00000002,100|000000004,20|000000000001
002|078913440002|000000|00000001,000|00000004,500|000000004,50|000000000001
003|000000010759|000000000000|DDD-5555 |000000000001234|                         |00000000026,944|000000000035,00|000000000000004|000000000000000|00000000001,299|000000000035,00
003|000000001629|000000000000|GGG-5555 |000000000010567|                         |00000000053,888|000000000070,00|000000000000004|000000000000000|00000000001,299|000000000070,00
004|00001|0000008900
004|00002|0000009983
004|00003|0000008560
004|00004|0000009810
004|00005|0000007770
005|000000000000002|               |000000000031,20
005|000000000000007|               |000000000045,00
005|000000000000006|               |000000000004,50
005|000000000000005|               |000000000013,56
005|000000000000004|               |000000000050,56
006|000000000000139|COMPRAS DIVERSAS - PDV                            |PAG  |000000000123,00
999|06/10/2008|03|00102|FABIO                                             
